.Random.seed <-
c(403L, 10L, 808434202L, 143141084L, -2056002337L, -886250827L, 
154448972L, -735803230L, 1695238141L, -1188317961L, -731225570L, 
-1895736104L, 816619579L, 1248848345L, -147222680L, 471220886L, 
1387498513L, -2133795389L, 971661778L, -1834194844L, 1340426151L, 
701647101L, -1591730956L, -20677670L, 204656421L, -13691329L, 
1812880838L, 2005203536L, -577603981L, 690125457L, -66731328L, 
-1690442594L, -1423849367L, 2131567771L, -1694622294L, -1913270836L, 
-1138466673L, -1739349819L, 1467568252L, 1054403794L, 1586201677L, 
405771527L, 318634222L, 1416813000L, -1181630773L, -1678463191L, 
-1330366600L, 1404734630L, -270655L, -920479917L, 422663170L, 
-370249420L, 865524407L, 875890349L, 1912932292L, -1054773270L, 
-1473925035L, 1507560943L, 12719606L, 257930016L, 846064867L, 
-634558079L, -709369872L, 1423015566L, 536494585L, 2040122251L, 
-1252227142L, -941668676L, 736091647L, -1808229547L, 1906609260L, 
-482449214L, -988071139L, 439464343L, -1343330050L, -325354824L, 
2064958619L, -324353287L, 1403421768L, 410904438L, 206611121L, 
1187853027L, 294662578L, -2117303804L, 1771436359L, 1550779421L, 
-1433060716L, 1656795706L, 1807531141L, 128115039L, 1380495846L, 
-485334928L, 1998365587L, 788063281L, -1893831968L, 145288062L, 
900030985L, 774007355L, 1951331338L, -1142010900L, -1840242577L, 
1159348133L, -4339876L, 265571122L, 1470542381L, 1369579751L, 
-212479474L, -33165336L, -777907733L, 23061129L, 902912536L, 
1676579142L, 547528609L, -1042492877L, 1369976738L, 305179284L, 
640278807L, -297631987L, -556435932L, -1965236726L, -382081163L, 
1983115983L, -1953544746L, -814315136L, -984759869L, 238049121L, 
449736144L, 252599598L, 700935385L, -1225677077L, -1423359142L, 
2068387100L, -1777245153L, -520771467L, -928778996L, 507205858L, 
1729221053L, -1218357705L, 912411870L, -315140072L, 405768059L, 
-1028487399L, -385541208L, -291271850L, 1517360081L, 398243715L, 
-1931107822L, 1404974500L, -281513625L, -163619139L, 1202267700L, 
-1635525222L, -855856667L, -1539009153L, 1162386694L, -2012330352L, 
1952141107L, -1285534511L, 1573820032L, -355745954L, 1111465129L, 
1450086235L, 1103488362L, 431335436L, -1232043953L, -644351739L, 
-238325316L, -1712106350L, 794611597L, 491886535L, -1511707474L, 
1558396168L, 1177492235L, 1148990953L, -1565056328L, 685679974L, 
-717931007L, -608204653L, -804089022L, 52227316L, -1788069641L, 
1948872941L, -469535868L, 1739255210L, 452907797L, 2090103215L, 
-864128586L, -2100164640L, 1691404067L, -1917470655L, 1863373616L, 
-846784178L, -390698055L, 1127316939L, 944467578L, 910525308L, 
-1230009409L, -1613073259L, 957848236L, 327702658L, 587216989L, 
-170315945L, 1258091070L, 1723790968L, -1011378853L, 1202525369L, 
-1987904248L, -1616609354L, -1246632719L, 457925411L, -1557416590L, 
-605220924L, 1410415495L, -1660565155L, 1950263124L, -1024615046L, 
258033861L, 51845663L, 564055462L, 1224220464L, 486577619L, -44350479L, 
540554528L, 1319199678L, -735171639L, -1200075909L, -689637046L, 
741217708L, -1860337489L, -1057766976L, 1345548852L, 1895221192L, 
-1165630278L, -1886676592L, -2111708692L, -302006700L, -116134766L, 
794966816L, -1082367540L, -2066481696L, 662269634L, 1764798504L, 
1547493036L, -470601540L, -166291982L, -1774084816L, -2058566492L, 
-1566711112L, 1833892186L, 537792912L, -1297641604L, -517527276L, 
-252170430L, -473460992L, 460628924L, 1315846992L, 473157410L, 
2115429704L, -1474116084L, 359358556L, 1527871698L, 1951938048L, 
-572966572L, 1412384232L, -597531654L, -1468830512L, 1665612076L, 
-1420200204L, 1520661906L, -1724309408L, 1128264972L, 1615839968L, 
-1163156126L, 2135984808L, 923087436L, 1339338108L, -1274584782L, 
-613163920L, -32259260L, -533071400L, 710196346L, -291815888L, 
-426777924L, 6785876L, 1416708162L, -231745120L, 100566716L, 
-1022786096L, -637178526L, 563159016L, 778080204L, -1108182276L, 
738024946L, 16618624L, -2100354828L, -78847352L, -1279360198L, 
-425586864L, -824446356L, 1484142740L, 953364818L, 1180092128L, 
-507343156L, -721760096L, -44243070L, -1915717912L, 1938218732L, 
-420749252L, 980717170L, -2089231248L, -984739292L, -43892680L, 
775378970L, 1525188304L, 305843260L, -1648937836L, 266836098L, 
-336605248L, -900298436L, -1689796976L, 256509986L, 675403784L, 
1370094732L, -2136693732L, 457474706L, -928538496L, -918559724L, 
1284051240L, 585644602L, 1778640080L, 1222048876L, -1183539532L, 
1642534930L, 236285920L, -41255988L, 805950944L, 1576548898L, 
-36846296L, 1080532236L, -821905860L, -271496974L, -1541331216L, 
1642852164L, -1848433064L, -1316033990L, 1749257968L, -105965380L, 
1806830100L, 662752450L, 1446751328L, -1145963140L, 98568400L, 
609106978L, -566782296L, 162974604L, -1462303300L, -564202446L, 
1012051776L, 831898804L, 876134216L, -684449094L, 360509200L, 
1628992748L, -93479852L, -2002755822L, -883241056L, -840084532L, 
-1406268576L, -2014141246L, 1778679336L, -1044988500L, -38266052L, 
1477519218L, 984047408L, 567141924L, 1842158648L, -634046246L, 
-279990896L, -1899644164L, 385016724L, -431714494L, -370723328L, 
-2028298692L, -703741360L, -499724638L, -1918932152L, -128986612L, 
-1579312932L, 1537694290L, -2018027392L, 1831363412L, 513768936L, 
-1227399430L, 1871625040L, -612258772L, -1289442956L, 1898997394L, 
166268512L, 516318860L, -432777376L, 838284002L, 1292148904L, 
546643148L, 2055651836L, -40233038L, 1565276656L, 27579844L, 
1308210008L, 1987362682L, 1162552752L, 422874556L, -868455340L, 
195854274L, 1249564448L, -1832184900L, -1012822448L, -1095595550L, 
-571251352L, -1399356084L, 528866556L, 1332941554L, -2125321472L, 
1002774132L, 458759176L, -748607046L, -219468848L, 1083590124L, 
-838684780L, -487924014L, -1164613024L, 484668748L, 620794144L, 
2063177346L, 2030962152L, -1585648660L, 199756348L, 1732945522L, 
333585264L, -2030470876L, -950724040L, -384362086L, -1790681648L, 
-917885508L, -597597036L, 1450180738L, -1039059520L, 1295529788L, 
-2130933616L, -284738782L, -1506610680L, 598229260L, 1692617116L, 
-1445107182L, 716922752L, 1155486484L, 412207400L, -1265734753L, 
-576945160L, 2040946134L, 1156686947L, -389509083L, 986228674L, 
-1081000784L, 34814169L, 1024110155L, 79021244L, -1129039126L, 
-1991361761L, 1224651689L, -1902955202L, -1945650132L, 832174717L, 
-1372261177L, 169480624L, -1206666290L, -474420997L, 1721184093L, 
605785226L, -1831781720L, 1195034129L, -68823293L, -1417170428L, 
158612018L, -964924793L, 795545297L, 592386134L, 1160816692L, 
-921892027L, 1150007695L, 1670557960L, 119089958L, 275768275L, 
-504867531L, -143821678L, -501404576L, -46020151L, -1985322757L, 
-1694834996L, 283808602L, 1222768207L, 289854233L, -1977004754L, 
269539132L, 1237644461L, -140359849L, 83511968L, -2075679746L, 
-1900801333L, -1807661875L, 1270286330L, 348216376L, -728822303L, 
-1593108845L, -1631275852L, -689521214L, 762777047L, 617206305L, 
-282017306L, -18982684L, -656447467L, 854890559L, 1214543832L, 
-1883801098L, 627628547L, -1746236091L, 1880324450L, 1270690512L, 
-759484935L, 1073104171L, 684713628L, -305666870L, 37883327L, 
-256462583L, -1042607586L, -535044148L, -1561436771L, -1760839641L, 
2089838160L, -977145106L, -381748325L, 1927170557L, -2136716054L, 
-905361528L, -191254223L, -1816129117L, 408757668L, -1921812398L, 
-1419789401L, 75505649L, -1091794122L, -1234503724L, -1290924699L, 
-959610513L, 1083317160L, 1145385222L, -1297706957L, 2102724245L, 
-309592334L, -442888384L, -494408535L, 2068394267L, 776406764L, 
164805370L, -1400454353L, -813266119L, -29733554L, -1159631972L, 
562061581L, -58203273L, -1007134848L, -302430754L, 1342429867L, 
586790317L, 656796186L, 1218112728L, -590524095L, 875833843L, 
2003836948L, 1601611170L, -475061577L, -1821160319L, -1444823930L, 
-25601852L, 646034933L, 1041260639L, -1413604680L, 183190422L, 
1581928867L, 799978853L, -1687182206L, -1074303504L, 492059545L, 
-1698161269L, 227317884L, -1677587798L, 266642655L, 525046377L, 
1962831998L, -827111316L, -947564355L, 1913708935L, -162572944L, 
133394446L, 680324411L, -885059043L, 1885177546L, 1143001576L, 
